profile_url
 https://www.zomato.com/users/vidushi-vidz-44302771
 https://www.zomato.com/users/chetan-jadhav-45248755
 https://www.zomato.com/users/m-k-tripathi-1481841
 https://www.zomato.com/users/mrbhukhad-182589694
 https://www.zomato.com/users/robin-181558854
 https://www.zomato.com/users/studfoodie-173127182
 https://www.zomato.com/users/muskan-270557106
 https://www.zomato.com/users/kalpana-soni-288319340
 https://www.zomato.com/users/dolly-sidana-284276065
 https://www.zomato.com/users/palash-281424771
 https://www.zomato.com/users/strictly-foodie-33455400
 https://www.zomato.com/users/manish-kumar-87099386
 https://www.zomato.com/users/scout-foodie-155623770
 https://www.zomato.com/users/smriti-160601401
 https://www.zomato.com/users/moon-prakash-159578247
 https://www.zomato.com/users/manas-tawde-74450666
 https://www.zomato.com/users/sana-khan-132678883
 https://www.zomato.com/users/prasad-lokhande-51067574
 https://www.zomato.com/users/anuja-182656353
 https://www.zomato.com/users/debojyoti-saha-29104798
 https://www.zomato.com/users/anurag-chhajed-56620669
 https://www.zomato.com/users/usha-rathod-270553539
 https://www.zomato.com/users/aradhya-ranawat-284365539
 https://www.zomato.com/users/sachin-187939810
 https://www.zomato.com/users/athrav-chauhan-34238342
 https://www.zomato.com/users/haangryindian-174326130
 https://www.zomato.com/users/ravindra-kumar-39174911
 https://www.zomato.com/users/anshul-kapoor-158942272
 https://www.zomato.com/users/rahul-singha-roy-55614440
 https://www.zomato.com/users/food-mood-112060689
 https://www.zomato.com/users/sunder-197439924
 https://www.zomato.com/users/ram-71547452
 https://www.zomato.com/users/roby-178895042
 https://www.zomato.com/users/shubham-251042816
 https://www.zomato.com/users/sanjay-gaur-30007773
 https://www.zomato.com/users/aditi-somani-757599
 https://www.zomato.com/users/sagar-yadav-132792372
 https://www.zomato.com/users/vaibhav-dalvi-42204502
 https://www.zomato.com/users/prachi-31-34602309
 https://www.zomato.com/users/sumit-1532738
 https://www.zomato.com/users/sushil-kumar-195144066
 https://www.zomato.com/users/arpit-192150723
 https://www.zomato.com/users/gupta-manish-52278135
 https://www.zomato.com/users/neeraj-amp-shraddha-naik-20270470
 https://www.zomato.com/users/khem-206591228
 https://www.zomato.com/users/kratika-soni-256534162
 https://www.zomato.com/users/anshu-295794477
 https://www.zomato.com/users/javed-48553687
